0.00816248
0.0024792
0.00418282
0.00670966
0.00670085
0.000885562
0.00691307
0.00261933
0.00503538
0.00224797
0.00168597
0.00577097
0.000460191
0.00857593
0.00273316
0.000838453
0.00209963
0.00713207
0.00911523
0.00255913
0.00453263
0.00633926
0.00256694
0.00463924
0.00660529
0.00449653
0.00310859
0.00505782
0.00631234
0.00350285
0.00733636
0.00109262
0.00268977
0.00347093
0.00895624
0.000803784
0.00333803
0.00302353
0.00849418
0.00979119
0.00821184
0.00734101
0.00664258
0.00673397
0.00817026
0.004948
0.00182331
0.00634027
0.00228342
0.00449509
0.00213595
0.0060911
0.00469452
0.00336811
0.00416545
0.00802103
0.00753849
0.0047942
0.0046262
0.00697161
0.00123501
0.00344786
0.00858925
0.00675173
0.00923093
0.00341374
0.000123407
0.00682425
0.00770981
0.00462289
0.00724222
0.0022776
0.00452557
0.00621155
0.00198251
0.0024427
0.00101864
0.0037518
0.00459025
0.00668988
0.00382195
0.00293718
0.00549631
2.89357e-05
0.0063682
0.00893514
0.00357438
0.000179675
0.0046762
0.0077848
0.00284262
0.00915496
0.0026578
0.00999416
0.00108678
0.00377656
0.00724749
0.00620373
0.00700752
0.000345544
